9


10000

367091

0.0996, -0.107, -0.115,  -0.058 ,  2.12,    3.5, 2.272,  3.015,  0.35



  0.00102, -0.000223, -0.000106, -0.000639   ,   0.000116,      0.0222 ,   0.0221,  -0.00406,  0.000657,
   -0.000223,  0.000206 ,-3.69e-05,   0.00018,    0.00107,    -0.00191 , -0.00602,   0.00595,  0.000179,
   -0.000106, -3.69e-05 , 0.000547 , 6.08e-05,   -0.00658 ,   -0.00238 , -0.00065,   0.00047,  1.16e-05,
   -0.000639,   0.00018,  6.08e-05  ,0.000471,    0.00015  ,   -0.0117 ,   -0.016,   0.00168,  -0.00066, 
   0.000116 ,  0.00107,  -0.00658 ,  0.00015 ,      0.092  ,    0.0101 ,  -0.0241,    0.0538,   0.00419, 
   0.0222 , -0.00191 , -0.00238 ,  -0.0117   ,     0.0101  ,     0.657 ,    0.512,    0.0191,    0.0163,
   0.0221 , -0.00602 , -0.00065 ,   -0.016   ,    -0.0241  ,     0.512 ,    0.675,    0.0489,    0.0293, 
   -0.00406,   0.00595 ,  0.00047,   0.00168 ,     0.0538  ,    0.0191 ,   0.0489,      1.17,     0.114, 
   0.000657 , 0.000179,  1.16e-05 , -0.00066,     0.00419  ,    0.0163 ,   0.0293     0.114 ,   0.0129
   
   
   
   
   
   
   0.09965859, -0.10666305, -0.1150868,  -0.05767081 ,  2.11951497,    3.50037005, 2.27198031,  3.01544478,  0.34870161

