8


10000

48723





0.0934, -0.100 , -0.117, -0.055,  2.194,   3.472, 2.319, 0.066      


 0.00118 ,-0.000267, -0.000129 ,-0.000829,   0.000457 ,  0.0279 , 0.0343, 0.00049, 
  -0.000267 , 0.000168 ,-2.31e-05,  0.000224    ,  0.0006   ,  -0.0043    ,  -0.00963, -0.000162 , 
  -0.000129 ,-2.31e-05  ,0.000566 , 8.45e-05    ,-0.00671   ,  -0.00307     , -0.00196, -3.04e-05  ,
   -0.000829 , 0.000224 , 8.45e-05 , 0.000644   ,-9.96e-05   , -0.0176     ,  -0.0262, -0.000393 , 
   0.000457   , 0.0006 , -0.00671 ,-9.96e-05 ,      0.089    ,  0.0103   ,     -0.0219, -0.000171,  
    0.0279,   -0.0043,  -0.00307  , -0.0176,      0.0103     ,  0.815    ,    0.814,    0.0089 ,     
0.0343,  -0.00963 , -0.00196 ,  -0.0262   ,      -0.0219     ,  0.814    ,     1.18  ,  0.0149   ,    
 0.00049, -0.000162, -3.04e-05, -0.000393 ,      -0.000171   ,    0.0089  ,  0.0149 , 0.000275  
 
 
 
 
 
 
 
 
 
 
 
 
 0.09341723, -0.1000179 , -0.11673005, -0.05501322,  2.19397263,   3.47205659, 2.31910624, 0.0663972      

